m26 = [
[1, 4, 1],
[1, 5, 1],
[1, 8, -1],
[1, 9, -1],
[1, 22, 1],
[1, 15, -1],
[1, 10, -1],
[2, 4, 1],
[2, 6, 1],
[2, 5, 1],
[2, 20, 1],
[2, 22, 1],
[3, 3, 1],
[3, 1, 1],
[3, 7, 1],
[3, 2, 1],
[3, 6, 1],
[3, 5, 1],
[3, 8, -1],
[3, 25, 1],
[3, 9, -1],
[3, 22, 1],
[3, 15, -1],
[3, 10, -1],
[3, 17, 1],
[4, 2, 1],
[4, 3, 1],
[4, 1, 1],
[5, 3, 1],
[6, 3, 1],
[7, 3, 1],
[8, 9, -1],
[9, 9, 1],
[9, 3, -1],
[10, 10, 1],
[10, 1, -1],
[11, 16, 1],
[12, 17, -1],
[13, 23, 1],
[14, 18, 1],
[14, 20, 1],
[14, 25, 1],
[14, 21, 1],
[14, 13, -1],
[14, 26, 1],
[14, 23, 1],
[15, 16, 1],
[16, 18, 1],
[17, 9, -1],
[18, 19, 1],
[19, 23, -1],
[20, 23, 1],
[21, 21, 1],
[21, 8, 1],
[21, 24, -1],
[22, 9, -1],
[22, 18, 1],
[23, 23, 1],
[23, 13, -1],
[23, 19, 1],
[24, 23, -1],
[25, 24, -1],
[25, 8, 1],
[26, 18, -1]]
