m52_pruned = [
[1, 4, 1],
[1, 43, 1],
[1, 5, 1],
[1, 14, -1],
[1, 6, 1],
[1, 15, -1],
[1, 16, -1],
[1, 46, 1],
[1, 33, -1],
[1, 22, -1],
[2, 4, 1],
[2, 7, 1],
[2, 5, 1],
[2, 6, 1],
[2, 42, 1],
[2, 46, 1],
[3, 3, 1],
[3, 1, 1],
[3, 11, 1],
[3, 2, 1],
[3, 7, 1],
[3, 5, 1],
[3, 6, 1],
[3, 15, -1],
[3, 50, 1],
[3, 16, -1],
[3, 46, 1],
[3, 33, -1],
[3, 22, -1],
[3, 35, 1],
[4, 2, 1],
[4, 3, 1],
[4, 1, 1],
[5, 3, 1],
[6, 43, 1],
[6, 31, 1],
[6, 12, 1],
[7, 14, -1],
[7, 3, 1],
[11, 3, 1],
[14, 12, 1],
[15, 16, -1],
[16, 16, 1],
[16, 3, -1],
[22, 22, 1],
[22, 1, -1],
[23, 34, 1],
[26, 35, -1],
[28, 48, 1],
[30, 39, 1],
[30, 42, 1],
[30, 6, 1],
[30, 50, 1],
[30, 44, 1],
[30, 28, -1],
[30, 51, 1],
[30, 48, 1],
[33, 34, 1],
[34, 39, 1],
[35, 16, -1],
[39, 41, 1],
[41, 48, -1],
[42, 48, 1],
[43, 31, -1],
[43, 12, -1],
[44, 44, 1],
[44, 15, 1],
[44, 49, -1],
[46, 16, -1],
[46, 39, 1],
[48, 48, 1],
[48, 28, -1],
[48, 41, 1],
[49, 48, -1],
[50, 49, -1],

[50, 15, 1],
[51, 39, -1],
]
