m52_pruned_for_sim = [
[1, 4, 1],
[1, 23, 1],
[1, 5, 1],
[1, 9, -1],
[1, 6, 1],
[1, 10, -1],
[1, 11, -1],
[1, 25, 1],
[1, 17, -1],
[1, 12, -1],
[2, 4, 1],
[2, 7, 1],
[2, 5, 1],
[2, 6, 1],
[2, 22, 1],
[2, 25, 1],
[3, 3, 1],
[3, 1, 1],
[3, 8, 1],
[3, 2, 1],
[3, 7, 1],
[3, 5, 1],
[3, 6, 1],
[3, 10, -1],
[3, 28, 1],
[3, 11, -1],
[3, 25, 1],
[3, 17, -1],
[3, 12, -1],
[3, 1, 1],
[4, 2, 1],
[4, 3, 1],
[4, 1, 1],
[5, 3, 1],
[6, 23, 1],
[7, 9, -1],
[7, 3, 1],
[8, 3, 1],
[10, 11, -1],
[11, 11, 1],
[11, 3, -1],
[12, 12, 1],
[12, 1, -1],
[13, 18, 1],
[14, 19, -1],
[15, 26, 1],
[16, 20, 1],
[16, 22, 1],
[16, 6, 1],
[16, 28, 1],
[16, 24, 1],
[16, 15, -1],
[16, 29, 1],
[16, 26, 1],
[17, 18, 1],
[18, 20, 1],
[19, 11, -1],
[20, 21, 1],
[21, 26, -1],
[22, 26, 1],
[24, 24, 1],
[24, 10, 1],
[24, 27, -1],
[25, 11, -1],
[25, 20, 1],
[26, 26, 1],
[26, 15, -1],
[26, 21, 1],
[27, 26, -1],
[28, 27, -1],
[28, 10, 1],
[29, 20, -1],
]
